# Resultados Fig. 2
# total_elapsed_seconds=65893.03286359995
# columns: s N0 tc elapsed_for_combination
2.000000000000000042e-02 2.000000000000000000e+00 8.000000000000000000e+00 5.446327003000769764e+02
2.000000000000000042e-02 4.000000000000000000e+00 4.842809364548495310e+00 4.684653320000506938e+02
2.000000000000000042e-02 6.000000000000000000e+00 3.531772575250835988e+00 4.383415168998762965e+02
2.000000000000000042e-02 8.000000000000000000e+00 3.076923076923076650e+00 4.422550417000893503e+02
2.000000000000000042e-02 1.000000000000000000e+01 1.953177257525083643e+00 4.245359583999961615e+02
2.000000000000000042e-02 1.200000000000000000e+01 1.712374581939799301e+00 4.111092111999168992e+02
2.000000000000000042e-02 1.400000000000000000e+01 1.471571906354514958e+00 4.007823879998177290e+02
2.000000000000000042e-02 1.600000000000000000e+01 1.444816053511705611e+00 4.037168127999175340e+02
2.000000000000000042e-02 1.800000000000000000e+01 1.311036789297658878e+00 4.246112611999269575e+02
2.000000000000000042e-02 2.000000000000000000e+01 8.561872909698996503e-01 3.980899639001581818e+02
2.000000000000000042e-02 2.200000000000000000e+01 9.632107023411371483e-01 3.976911385999992490e+02
2.000000000000000042e-02 2.400000000000000000e+01 9.096989966555183438e-01 3.993467073000501841e+02
2.000000000000000042e-02 2.600000000000000000e+01 8.294314381270903036e-01 3.932525235000066459e+02
2.000000000000000042e-02 2.800000000000000000e+01 6.956521739130434590e-01 3.835236344998702407e+02
2.000000000000000042e-02 3.000000000000000000e+01 9.899665551839464950e-01 4.038566829001065344e+02
2.000000000000000042e-02 3.200000000000000000e+01 6.153846153846154188e-01 3.929541891000699252e+02
2.000000000000000042e-02 3.400000000000000000e+01 6.421404682274247655e-01 3.889345668000169098e+02
3.310344827586206989e-02 2.000000000000000000e+00 5.110367892976588777e+00 4.337145814998075366e+02
3.310344827586206989e-02 4.000000000000000000e+00 2.595317725752508409e+00 3.680263624000363052e+02
3.310344827586206989e-02 6.000000000000000000e+00 1.792642140468227341e+00 3.482209025998599827e+02
3.310344827586206989e-02 8.000000000000000000e+00 1.525083612040133652e+00 3.438601768999360502e+02
3.310344827586206989e-02 1.000000000000000000e+01 1.204013377926421491e+00 3.339054396001156420e+02
3.310344827586206989e-02 1.200000000000000000e+01 9.899665551839464950e-01 3.246222536999266595e+02
3.310344827586206989e-02 1.400000000000000000e+01 9.632107023411371483e-01 3.283731092000380158e+02
3.310344827586206989e-02 1.600000000000000000e+01 8.294314381270903036e-01 3.282636217998806387e+02
3.310344827586206989e-02 1.800000000000000000e+01 9.096989966555183438e-01 3.483970437999814749e+02
3.310344827586206989e-02 2.000000000000000000e+01 6.956521739130434590e-01 3.658628871999680996e+02
3.310344827586206989e-02 2.200000000000000000e+01 6.956521739130434590e-01 3.365849554999731481e+02
3.310344827586206989e-02 2.400000000000000000e+01 5.618729096989966143e-01 3.249630753998644650e+02
3.310344827586206989e-02 2.600000000000000000e+01 4.280936454849498252e-01 3.285018420999404043e+02
3.310344827586206989e-02 2.800000000000000000e+01 5.618729096989966143e-01 3.355465739001519978e+02
3.310344827586206989e-02 3.000000000000000000e+01 5.618729096989966143e-01 3.343652965999208391e+02
3.310344827586206989e-02 3.200000000000000000e+01 0.000000000000000000e+00 3.285904353000223637e+02
3.310344827586206989e-02 3.400000000000000000e+01 0.000000000000000000e+00 3.313026135999243706e+02
4.620689655172413590e-02 2.000000000000000000e+00 3.451505016722407948e+00 3.754983661998994648e+02
4.620689655172413590e-02 4.000000000000000000e+00 1.846153846153846034e+00 3.129490967998281121e+02
4.620689655172413590e-02 6.000000000000000000e+00 1.444816053511705611e+00 3.013607171999756247e+02
4.620689655172413590e-02 8.000000000000000000e+00 1.177257525083611922e+00 2.998724442999809980e+02
4.620689655172413590e-02 1.000000000000000000e+01 1.070234113712374535e+00 3.033710598000325263e+02
4.620689655172413590e-02 1.200000000000000000e+01 7.759197324414716102e-01 2.821792454000096768e+02
4.620689655172413590e-02 1.400000000000000000e+01 7.759197324414716102e-01 2.846217541999649256e+02
4.620689655172413590e-02 1.600000000000000000e+01 6.956521739130434590e-01 2.752186446001287550e+02
4.620689655172413590e-02 1.800000000000000000e+01 7.224080267558528057e-01 2.883272398000117391e+02
4.620689655172413590e-02 2.000000000000000000e+01 6.421404682274247655e-01 2.951433691000565886e+02
4.620689655172413590e-02 2.200000000000000000e+01 0.000000000000000000e+00 2.741838368000462651e+02
4.620689655172413590e-02 2.400000000000000000e+01 0.000000000000000000e+00 2.791679827000480145e+02
4.620689655172413590e-02 2.600000000000000000e+01 2.675585284280936407e-02 2.800559700001031160e+02
4.620689655172413590e-02 2.800000000000000000e+01 0.000000000000000000e+00 2.868600221001543105e+02
4.620689655172413590e-02 3.000000000000000000e+01 0.000000000000000000e+00 2.724428862000349909e+02
4.620689655172413590e-02 3.200000000000000000e+01 0.000000000000000000e+00 2.781234901999123394e+02
4.620689655172413590e-02 3.400000000000000000e+01 0.000000000000000000e+00 2.812971319998614490e+02
5.931034482758620885e-02 2.000000000000000000e+00 2.836120401337792529e+00 3.490712248999625444e+02
5.931034482758620885e-02 4.000000000000000000e+00 1.498327759197324305e+00 2.698342673000879586e+02
5.931034482758620885e-02 6.000000000000000000e+00 1.204013377926421491e+00 2.647396915000863373e+02
5.931034482758620885e-02 8.000000000000000000e+00 9.364548494983276905e-01 2.420851197000592947e+02
5.931034482758620885e-02 1.000000000000000000e+01 8.026755852842809569e-01 2.383713619001209736e+02
5.931034482758620885e-02 1.200000000000000000e+01 7.491638795986621524e-01 2.455386785999871790e+02
5.931034482758620885e-02 1.400000000000000000e+01 6.153846153846154188e-01 2.345406439998187125e+02
5.931034482758620885e-02 1.600000000000000000e+01 5.618729096989966143e-01 2.420873364000581205e+02
5.931034482758620885e-02 1.800000000000000000e+01 5.351170568561872676e-01 2.473578566000796854e+02
5.931034482758620885e-02 2.000000000000000000e+01 4.548494983277591719e-01 2.497675221001263708e+02
5.931034482758620885e-02 2.200000000000000000e+01 0.000000000000000000e+00 2.490292376999277622e+02
5.931034482758620885e-02 2.400000000000000000e+01 0.000000000000000000e+00 2.353351074000820518e+02
5.931034482758620885e-02 2.600000000000000000e+01 0.000000000000000000e+00 2.338457611000631005e+02
5.931034482758620885e-02 2.800000000000000000e+01 0.000000000000000000e+00 2.417676653000526130e+02
5.931034482758620885e-02 3.000000000000000000e+01 0.000000000000000000e+00 2.394313469000626355e+02
5.931034482758620885e-02 3.200000000000000000e+01 0.000000000000000000e+00 2.434786332999356091e+02
5.931034482758620885e-02 3.400000000000000000e+01 0.000000000000000000e+00 2.382480105999857187e+02
7.241379310344828180e-02 2.000000000000000000e+00 2.167224080267558417e+00 2.823815196999348700e+02
7.241379310344828180e-02 4.000000000000000000e+00 1.391304347826086918e+00 2.386494556001853198e+02
7.241379310344828180e-02 6.000000000000000000e+00 9.632107023411371483e-01 2.095710889000911266e+02
7.241379310344828180e-02 8.000000000000000000e+00 8.561872909698996503e-01 2.120749981000553817e+02
7.241379310344828180e-02 1.000000000000000000e+01 8.026755852842809569e-01 2.169617282000835985e+02
7.241379310344828180e-02 1.200000000000000000e+01 7.224080267558528057e-01 2.086539168001618236e+02
7.241379310344828180e-02 1.400000000000000000e+01 0.000000000000000000e+00 2.066897936000023037e+02
7.241379310344828180e-02 1.600000000000000000e+01 0.000000000000000000e+00 2.025321689001284540e+02
7.241379310344828180e-02 1.800000000000000000e+01 0.000000000000000000e+00 2.133283160999417305e+02
7.241379310344828180e-02 2.000000000000000000e+01 0.000000000000000000e+00 2.129856485000345856e+02
7.241379310344828180e-02 2.200000000000000000e+01 2.675585284280936407e-02 2.050140581000596285e+02
7.241379310344828180e-02 2.400000000000000000e+01 0.000000000000000000e+00 2.025529821999371052e+02
7.241379310344828180e-02 2.600000000000000000e+01 0.000000000000000000e+00 2.020633824998512864e+02
7.241379310344828180e-02 2.800000000000000000e+01 0.000000000000000000e+00 2.089049676000140607e+02
7.241379310344828180e-02 3.000000000000000000e+01 0.000000000000000000e+00 2.054339111000299454e+02
7.241379310344828180e-02 3.200000000000000000e+01 0.000000000000000000e+00 2.102764135999605060e+02
7.241379310344828180e-02 3.400000000000000000e+01 0.000000000000000000e+00 2.140666465999092907e+02
8.551724137931035474e-02 2.000000000000000000e+00 2.140468227424749070e+00 2.671027218000963330e+02
8.551724137931035474e-02 4.000000000000000000e+00 1.204013377926421491e+00 1.929281823001801968e+02
8.551724137931035474e-02 6.000000000000000000e+00 9.899665551839464950e-01 1.970126444001216441e+02
8.551724137931035474e-02 8.000000000000000000e+00 7.759197324414716102e-01 1.803636006999295205e+02
8.551724137931035474e-02 1.000000000000000000e+01 6.956521739130434590e-01 1.843384942000266165e+02
8.551724137931035474e-02 1.200000000000000000e+01 5.618729096989966143e-01 1.887438071998767555e+02
8.551724137931035474e-02 1.400000000000000000e+01 4.816053511705685741e-01 1.823651296999305487e+02
8.551724137931035474e-02 1.600000000000000000e+01 0.000000000000000000e+00 1.831754366999957711e+02
8.551724137931035474e-02 1.800000000000000000e+01 0.000000000000000000e+00 1.883257189001888037e+02
8.551724137931035474e-02 2.000000000000000000e+01 0.000000000000000000e+00 1.821415189998224378e+02
8.551724137931035474e-02 2.200000000000000000e+01 0.000000000000000000e+00 1.868835877000819892e+02
8.551724137931035474e-02 2.400000000000000000e+01 0.000000000000000000e+00 1.826205184001009911e+02
8.551724137931035474e-02 2.600000000000000000e+01 0.000000000000000000e+00 1.865446854000911117e+02
8.551724137931035474e-02 2.800000000000000000e+01 0.000000000000000000e+00 1.889662327000405639e+02
8.551724137931035474e-02 3.000000000000000000e+01 0.000000000000000000e+00 1.837438759000506252e+02
8.551724137931035474e-02 3.200000000000000000e+01 0.000000000000000000e+00 1.917500380000565201e+02
8.551724137931035474e-02 3.400000000000000000e+01 0.000000000000000000e+00 1.832490845001302660e+02
9.862068965517241381e-02 2.000000000000000000e+00 1.846153846153846034e+00 2.361414644999895245e+02
9.862068965517241381e-02 4.000000000000000000e+00 1.123745819397993229e+00 1.791223255000077188e+02
9.862068965517241381e-02 6.000000000000000000e+00 9.096989966555183438e-01 1.725849293998908252e+02
9.862068965517241381e-02 8.000000000000000000e+00 6.956521739130434590e-01 1.658859308999963105e+02
9.862068965517241381e-02 1.000000000000000000e+01 5.618729096989966143e-01 1.659792613999452442e+02
9.862068965517241381e-02 1.200000000000000000e+01 3.745819397993310762e-01 1.610543851000256836e+02
9.862068965517241381e-02 1.400000000000000000e+01 0.000000000000000000e+00 1.661429846000391990e+02
9.862068965517241381e-02 1.600000000000000000e+01 0.000000000000000000e+00 1.616765368999913335e+02
9.862068965517241381e-02 1.800000000000000000e+01 0.000000000000000000e+00 1.673174239001236856e+02
9.862068965517241381e-02 2.000000000000000000e+01 0.000000000000000000e+00 1.612736641999799758e+02
9.862068965517241381e-02 2.200000000000000000e+01 0.000000000000000000e+00 1.646140719000250101e+02
9.862068965517241381e-02 2.400000000000000000e+01 0.000000000000000000e+00 1.713283528999891132e+02
9.862068965517241381e-02 2.600000000000000000e+01 0.000000000000000000e+00 1.669003914999775589e+02
9.862068965517241381e-02 2.800000000000000000e+01 0.000000000000000000e+00 1.633149113000836223e+02
9.862068965517241381e-02 3.000000000000000000e+01 0.000000000000000000e+00 1.670763945998623967e+02
9.862068965517241381e-02 3.200000000000000000e+01 0.000000000000000000e+00 1.679074234000872821e+02
9.862068965517241381e-02 3.400000000000000000e+01 0.000000000000000000e+00 1.653367087999358773e+02
1.117241379310344868e-01 2.000000000000000000e+00 1.632107023411371260e+00 2.083190853002015501e+02
1.117241379310344868e-01 4.000000000000000000e+00 1.016722408026755842e+00 1.606823700000531971e+02
1.117241379310344868e-01 6.000000000000000000e+00 7.759197324414716102e-01 1.482357564999256283e+02
1.117241379310344868e-01 8.000000000000000000e+00 6.421404682274247655e-01 1.474846077000256628e+02
1.117241379310344868e-01 1.000000000000000000e+01 4.548494983277591719e-01 1.489111206000670791e+02
1.117241379310344868e-01 1.200000000000000000e+01 0.000000000000000000e+00 1.427007766000460833e+02
1.117241379310344868e-01 1.400000000000000000e+01 0.000000000000000000e+00 1.466561142001301050e+02
1.117241379310344868e-01 1.600000000000000000e+01 0.000000000000000000e+00 1.487649246000219136e+02
1.117241379310344868e-01 1.800000000000000000e+01 0.000000000000000000e+00 1.491119482000358403e+02
1.117241379310344868e-01 2.000000000000000000e+01 0.000000000000000000e+00 1.471415194999426603e+02
1.117241379310344868e-01 2.200000000000000000e+01 0.000000000000000000e+00 1.520121090000029653e+02
1.117241379310344868e-01 2.400000000000000000e+01 0.000000000000000000e+00 1.490376804000698030e+02
1.117241379310344868e-01 2.600000000000000000e+01 0.000000000000000000e+00 1.536421328999567777e+02
1.117241379310344868e-01 2.800000000000000000e+01 0.000000000000000000e+00 1.507746734998654574e+02
1.117241379310344868e-01 3.000000000000000000e+01 0.000000000000000000e+00 1.533391459998674691e+02
1.117241379310344868e-01 3.200000000000000000e+01 0.000000000000000000e+00 1.543025577000807971e+02
1.117241379310344868e-01 3.400000000000000000e+01 0.000000000000000000e+00 1.526676745000295341e+02
1.248275862068965597e-01 2.000000000000000000e+00 1.525083612040133652e+00 1.860472404998727143e+02
1.248275862068965597e-01 4.000000000000000000e+00 9.364548494983276905e-01 1.412395089000929147e+02
1.248275862068965597e-01 6.000000000000000000e+00 7.224080267558528057e-01 1.343315399000421166e+02
1.248275862068965597e-01 8.000000000000000000e+00 5.618729096989966143e-01 1.384766532999929041e+02
1.248275862068965597e-01 1.000000000000000000e+01 0.000000000000000000e+00 1.352795770999509841e+02
1.248275862068965597e-01 1.200000000000000000e+01 0.000000000000000000e+00 1.348936925001908094e+02
1.248275862068965597e-01 1.400000000000000000e+01 0.000000000000000000e+00 1.355379123999737203e+02
1.248275862068965597e-01 1.600000000000000000e+01 0.000000000000000000e+00 1.351780877998098731e+02
1.248275862068965597e-01 1.800000000000000000e+01 0.000000000000000000e+00 1.367268678999971598e+02
1.248275862068965597e-01 2.000000000000000000e+01 0.000000000000000000e+00 1.367006331998854876e+02
1.248275862068965597e-01 2.200000000000000000e+01 0.000000000000000000e+00 1.331113531000446528e+02
1.248275862068965597e-01 2.400000000000000000e+01 0.000000000000000000e+00 1.402822758997790515e+02
1.248275862068965597e-01 2.600000000000000000e+01 0.000000000000000000e+00 1.367937874000053853e+02
1.248275862068965597e-01 2.800000000000000000e+01 0.000000000000000000e+00 1.354289959999732673e+02
1.248275862068965597e-01 3.000000000000000000e+01 0.000000000000000000e+00 1.407765741001348943e+02
1.248275862068965597e-01 3.200000000000000000e+01 0.000000000000000000e+00 1.351506688999943435e+02
1.248275862068965597e-01 3.400000000000000000e+01 0.000000000000000000e+00 1.401764515999238938e+02
1.379310344827586188e-01 2.000000000000000000e+00 1.444816053511705611e+00 1.751831030000466853e+02
1.379310344827586188e-01 4.000000000000000000e+00 8.829431438127089971e-01 1.314766772999428213e+02
1.379310344827586188e-01 6.000000000000000000e+00 6.956521739130434590e-01 1.245841171001084149e+02
1.379310344827586188e-01 8.000000000000000000e+00 5.351170568561872676e-01 1.247587529998272657e+02
1.379310344827586188e-01 1.000000000000000000e+01 0.000000000000000000e+00 1.205459020999260247e+02
1.379310344827586188e-01 1.200000000000000000e+01 0.000000000000000000e+00 1.249591787001118064e+02
1.379310344827586188e-01 1.400000000000000000e+01 0.000000000000000000e+00 1.250271844000089914e+02
1.379310344827586188e-01 1.600000000000000000e+01 0.000000000000000000e+00 1.234707680998835713e+02
1.379310344827586188e-01 1.800000000000000000e+01 0.000000000000000000e+00 1.249957691000308841e+02
1.379310344827586188e-01 2.000000000000000000e+01 0.000000000000000000e+00 1.230889126001857221e+02
1.379310344827586188e-01 2.200000000000000000e+01 0.000000000000000000e+00 1.295382339998614043e+02
1.379310344827586188e-01 2.400000000000000000e+01 0.000000000000000000e+00 1.241546471999026835e+02
1.379310344827586188e-01 2.600000000000000000e+01 0.000000000000000000e+00 1.240104549000971019e+02
1.379310344827586188e-01 2.800000000000000000e+01 0.000000000000000000e+00 1.318772492001298815e+02
1.379310344827586188e-01 3.000000000000000000e+01 0.000000000000000000e+00 1.245177805998828262e+02
1.379310344827586188e-01 3.200000000000000000e+01 0.000000000000000000e+00 1.321733423999976367e+02
1.379310344827586188e-01 3.400000000000000000e+01 0.000000000000000000e+00 1.275924158999696374e+02
1.510344827586206917e-01 2.000000000000000000e+00 1.418060200668896265e+00 1.763185705000068992e+02
1.510344827586206917e-01 4.000000000000000000e+00 8.829431438127089971e-01 1.225660172000061721e+02
1.510344827586206917e-01 6.000000000000000000e+00 6.688963210702341122e-01 1.193244151999242604e+02
1.510344827586206917e-01 8.000000000000000000e+00 4.548494983277591719e-01 1.119052158000413328e+02
1.510344827586206917e-01 1.000000000000000000e+01 0.000000000000000000e+00 1.134390471000224352e+02
1.510344827586206917e-01 1.200000000000000000e+01 0.000000000000000000e+00 1.172639392998535186e+02
1.510344827586206917e-01 1.400000000000000000e+01 0.000000000000000000e+00 1.204895021999254823e+02
1.510344827586206917e-01 1.600000000000000000e+01 0.000000000000000000e+00 1.112152683001477271e+02
1.510344827586206917e-01 1.800000000000000000e+01 0.000000000000000000e+00 1.141474268001038581e+02
1.510344827586206917e-01 2.000000000000000000e+01 0.000000000000000000e+00 1.147590788998641074e+02
1.510344827586206917e-01 2.200000000000000000e+01 0.000000000000000000e+00 1.180501155001111329e+02
1.510344827586206917e-01 2.400000000000000000e+01 0.000000000000000000e+00 1.157125456000212580e+02
1.510344827586206917e-01 2.600000000000000000e+01 0.000000000000000000e+00 1.183206607999745756e+02
1.510344827586206917e-01 2.800000000000000000e+01 0.000000000000000000e+00 1.192130935001187027e+02
1.510344827586206917e-01 3.000000000000000000e+01 0.000000000000000000e+00 1.193055851999670267e+02
1.510344827586206917e-01 3.200000000000000000e+01 0.000000000000000000e+00 1.221786307001020759e+02
1.510344827586206917e-01 3.400000000000000000e+01 0.000000000000000000e+00 1.228673006000462919e+02
1.641379310344827647e-01 2.000000000000000000e+00 1.311036789297658878e+00 1.556842640999238938e+02
1.641379310344827647e-01 4.000000000000000000e+00 8.829431438127089971e-01 1.236418410001788288e+02
1.641379310344827647e-01 6.000000000000000000e+00 6.421404682274247655e-01 1.117269972998183221e+02
1.641379310344827647e-01 8.000000000000000000e+00 0.000000000000000000e+00 1.102641288000158966e+02
1.641379310344827647e-01 1.000000000000000000e+01 0.000000000000000000e+00 1.081464061001315713e+02
1.641379310344827647e-01 1.200000000000000000e+01 0.000000000000000000e+00 1.050232498000841588e+02
1.641379310344827647e-01 1.400000000000000000e+01 0.000000000000000000e+00 1.137786004999652505e+02
1.641379310344827647e-01 1.600000000000000000e+01 0.000000000000000000e+00 1.063992051000241190e+02
1.641379310344827647e-01 1.800000000000000000e+01 0.000000000000000000e+00 1.097913603000342846e+02
1.641379310344827647e-01 2.000000000000000000e+01 0.000000000000000000e+00 1.106615488000679761e+02
1.641379310344827647e-01 2.200000000000000000e+01 0.000000000000000000e+00 1.090718749000225216e+02
1.641379310344827647e-01 2.400000000000000000e+01 0.000000000000000000e+00 1.144386206001508981e+02
1.641379310344827647e-01 2.600000000000000000e+01 0.000000000000000000e+00 1.087996261999942362e+02
1.641379310344827647e-01 2.800000000000000000e+01 0.000000000000000000e+00 1.109894600000698119e+02
1.641379310344827647e-01 3.000000000000000000e+01 0.000000000000000000e+00 1.189381691000889987e+02
1.641379310344827647e-01 3.200000000000000000e+01 0.000000000000000000e+00 1.117401866000145674e+02
1.641379310344827647e-01 3.400000000000000000e+01 0.000000000000000000e+00 1.146678373001050204e+02
1.772413793103448099e-01 2.000000000000000000e+00 1.257525083612040184e+00 1.470393217999953777e+02
1.772413793103448099e-01 4.000000000000000000e+00 7.491638795986621524e-01 1.023725137999281287e+02
1.772413793103448099e-01 6.000000000000000000e+00 5.618729096989966143e-01 1.007425834001041949e+02
1.772413793103448099e-01 8.000000000000000000e+00 4.280936454849498252e-01 1.007441091001965106e+02
1.772413793103448099e-01 1.000000000000000000e+01 0.000000000000000000e+00 9.938411610014736652e+01
1.772413793103448099e-01 1.200000000000000000e+01 0.000000000000000000e+00 1.019880886999890208e+02
1.772413793103448099e-01 1.400000000000000000e+01 0.000000000000000000e+00 9.930370959988795221e+01
1.772413793103448099e-01 1.600000000000000000e+01 0.000000000000000000e+00 1.053351580000016838e+02
1.772413793103448099e-01 1.800000000000000000e+01 0.000000000000000000e+00 1.046969043000135571e+02
1.772413793103448099e-01 2.000000000000000000e+01 0.000000000000000000e+00 1.022363579000812024e+02
1.772413793103448099e-01 2.200000000000000000e+01 0.000000000000000000e+00 1.023121657997835428e+02
1.772413793103448099e-01 2.400000000000000000e+01 0.000000000000000000e+00 1.081077467000577599e+02
1.772413793103448099e-01 2.600000000000000000e+01 0.000000000000000000e+00 1.025722946000751108e+02
1.772413793103448099e-01 2.800000000000000000e+01 0.000000000000000000e+00 1.079917460000142455e+02
1.772413793103448099e-01 3.000000000000000000e+01 0.000000000000000000e+00 1.061222261001821607e+02
1.772413793103448099e-01 3.200000000000000000e+01 0.000000000000000000e+00 1.048987496001645923e+02
1.772413793103448099e-01 3.400000000000000000e+01 0.000000000000000000e+00 1.105793407000601292e+02
1.903448275862068828e-01 2.000000000000000000e+00 1.230769230769230838e+00 1.491216544001363218e+02
1.903448275862068828e-01 4.000000000000000000e+00 7.759197324414716102e-01 1.030280950998421758e+02
1.903448275862068828e-01 6.000000000000000000e+00 5.618729096989966143e-01 9.908580000000074506e+01
1.903448275862068828e-01 8.000000000000000000e+00 0.000000000000000000e+00 9.349908410012722015e+01
1.903448275862068828e-01 1.000000000000000000e+01 0.000000000000000000e+00 9.490366210020147264e+01
1.903448275862068828e-01 1.200000000000000000e+01 0.000000000000000000e+00 9.619869180000387132e+01
1.903448275862068828e-01 1.400000000000000000e+01 0.000000000000000000e+00 9.264438379998318851e+01
1.903448275862068828e-01 1.600000000000000000e+01 0.000000000000000000e+00 9.549248409993015230e+01
1.903448275862068828e-01 1.800000000000000000e+01 0.000000000000000000e+00 1.010624635999556631e+02
1.903448275862068828e-01 2.000000000000000000e+01 0.000000000000000000e+00 9.586399859981611371e+01
1.903448275862068828e-01 2.200000000000000000e+01 0.000000000000000000e+00 9.442667169985361397e+01
1.903448275862068828e-01 2.400000000000000000e+01 0.000000000000000000e+00 1.017554936001542956e+02
1.903448275862068828e-01 2.600000000000000000e+01 0.000000000000000000e+00 9.651133389980532229e+01
1.903448275862068828e-01 2.800000000000000000e+01 0.000000000000000000e+00 1.004063817998394370e+02
1.903448275862068828e-01 3.000000000000000000e+01 0.000000000000000000e+00 9.753313559992238879e+01
1.903448275862068828e-01 3.200000000000000000e+01 0.000000000000000000e+00 1.022823321998585016e+02
1.903448275862068828e-01 3.400000000000000000e+01 0.000000000000000000e+00 9.766266169981099665e+01
2.034482758620689558e-01 2.000000000000000000e+00 1.150501672240802575e+00 1.393793935000430793e+02
2.034482758620689558e-01 4.000000000000000000e+00 7.224080267558528057e-01 9.112834270019084215e+01
2.034482758620689558e-01 6.000000000000000000e+00 5.351170568561872676e-01 9.098863090015947819e+01
2.034482758620689558e-01 8.000000000000000000e+00 0.000000000000000000e+00 8.635882789990864694e+01
2.034482758620689558e-01 1.000000000000000000e+01 0.000000000000000000e+00 8.831450089998543262e+01
2.034482758620689558e-01 1.200000000000000000e+01 0.000000000000000000e+00 9.073360939999110997e+01
2.034482758620689558e-01 1.400000000000000000e+01 0.000000000000000000e+00 8.901267990004271269e+01
2.034482758620689558e-01 1.600000000000000000e+01 0.000000000000000000e+00 9.306198180001229048e+01
2.034482758620689558e-01 1.800000000000000000e+01 0.000000000000000000e+00 9.022118590003810823e+01
2.034482758620689558e-01 2.000000000000000000e+01 0.000000000000000000e+00 9.128345410013571382e+01
2.034482758620689558e-01 2.200000000000000000e+01 0.000000000000000000e+00 9.761102880001999438e+01
2.034482758620689558e-01 2.400000000000000000e+01 0.000000000000000000e+00 9.308976099989376962e+01
2.034482758620689558e-01 2.600000000000000000e+01 0.000000000000000000e+00 9.390649339999072254e+01
2.034482758620689558e-01 2.800000000000000000e+01 0.000000000000000000e+00 9.583869260014034808e+01
2.034482758620689558e-01 3.000000000000000000e+01 0.000000000000000000e+00 9.619338190020062029e+01
2.034482758620689558e-01 3.200000000000000000e+01 0.000000000000000000e+00 9.374920810014009476e+01
2.034482758620689558e-01 3.400000000000000000e+01 0.000000000000000000e+00 9.953423069999553263e+01
2.165517241379310287e-01 2.000000000000000000e+00 1.043478260869565188e+00 1.151053392998874187e+02
2.165517241379310287e-01 4.000000000000000000e+00 6.688963210702341122e-01 8.577272259979508817e+01
2.165517241379310287e-01 6.000000000000000000e+00 5.083612040133779209e-01 8.810586949996650219e+01
2.165517241379310287e-01 8.000000000000000000e+00 0.000000000000000000e+00 8.730795560008846223e+01
2.165517241379310287e-01 1.000000000000000000e+01 0.000000000000000000e+00 8.356550140003673732e+01
2.165517241379310287e-01 1.200000000000000000e+01 0.000000000000000000e+00 8.663449510000646114e+01
2.165517241379310287e-01 1.400000000000000000e+01 0.000000000000000000e+00 8.763516830001026392e+01
2.165517241379310287e-01 1.600000000000000000e+01 0.000000000000000000e+00 8.540097790001891553e+01
2.165517241379310287e-01 1.800000000000000000e+01 0.000000000000000000e+00 8.608455649996176362e+01
2.165517241379310287e-01 2.000000000000000000e+01 0.000000000000000000e+00 8.955732909985817969e+01
2.165517241379310287e-01 2.200000000000000000e+01 0.000000000000000000e+00 8.782311130012385547e+01
2.165517241379310287e-01 2.400000000000000000e+01 0.000000000000000000e+00 8.716824539983645082e+01
2.165517241379310287e-01 2.600000000000000000e+01 0.000000000000000000e+00 9.454776420001871884e+01
2.165517241379310287e-01 2.800000000000000000e+01 0.000000000000000000e+00 8.927215730003081262e+01
2.165517241379310287e-01 3.000000000000000000e+01 0.000000000000000000e+00 8.944957559998147190e+01
2.165517241379310287e-01 3.200000000000000000e+01 0.000000000000000000e+00 9.334370020008645952e+01
2.165517241379310287e-01 3.400000000000000000e+01 0.000000000000000000e+00 9.278834919980727136e+01
2.296551724137931016e-01 2.000000000000000000e+00 1.016722408026755842e+00 1.130988314000423998e+02
2.296551724137931016e-01 4.000000000000000000e+00 6.421404682274247655e-01 7.978162529994733632e+01
2.296551724137931016e-01 6.000000000000000000e+00 0.000000000000000000e+00 8.260012309998273849e+01
2.296551724137931016e-01 8.000000000000000000e+00 0.000000000000000000e+00 7.627286750008352101e+01
2.296551724137931016e-01 1.000000000000000000e+01 0.000000000000000000e+00 8.652384509984403849e+01
2.296551724137931016e-01 1.200000000000000000e+01 0.000000000000000000e+00 8.687775249988771975e+01
2.296551724137931016e-01 1.400000000000000000e+01 0.000000000000000000e+00 7.942472769995220006e+01
2.296551724137931016e-01 1.600000000000000000e+01 0.000000000000000000e+00 8.295296599995344877e+01
2.296551724137931016e-01 1.800000000000000000e+01 0.000000000000000000e+00 8.057288990006782115e+01
2.296551724137931016e-01 2.000000000000000000e+01 0.000000000000000000e+00 8.487193870008923113e+01
2.296551724137931016e-01 2.200000000000000000e+01 0.000000000000000000e+00 8.415359149989672005e+01
2.296551724137931016e-01 2.400000000000000000e+01 0.000000000000000000e+00 8.392136769997887313e+01
2.296551724137931016e-01 2.600000000000000000e+01 0.000000000000000000e+00 8.707442960003390908e+01
2.296551724137931016e-01 2.800000000000000000e+01 0.000000000000000000e+00 8.592246959987096488e+01
2.296551724137931016e-01 3.000000000000000000e+01 0.000000000000000000e+00 8.277803210006095469e+01
2.296551724137931016e-01 3.200000000000000000e+01 0.000000000000000000e+00 8.616147920000366867e+01
2.296551724137931016e-01 3.400000000000000000e+01 0.000000000000000000e+00 9.000313729979097843e+01
2.427586206896551746e-01 2.000000000000000000e+00 1.070234113712374535e+00 1.161295714001171291e+02
2.427586206896551746e-01 4.000000000000000000e+00 6.421404682274247655e-01 7.690896390005946159e+01
2.427586206896551746e-01 6.000000000000000000e+00 0.000000000000000000e+00 7.827601550007238984e+01
2.427586206896551746e-01 8.000000000000000000e+00 0.000000000000000000e+00 7.698635410005226731e+01
2.427586206896551746e-01 1.000000000000000000e+01 0.000000000000000000e+00 7.493527540005743504e+01
2.427586206896551746e-01 1.200000000000000000e+01 0.000000000000000000e+00 7.631948289996944368e+01
2.427586206896551746e-01 1.400000000000000000e+01 0.000000000000000000e+00 7.619755730009637773e+01
2.427586206896551746e-01 1.600000000000000000e+01 0.000000000000000000e+00 8.132307870010845363e+01
2.427586206896551746e-01 1.800000000000000000e+01 0.000000000000000000e+00 7.698465469991788268e+01
2.427586206896551746e-01 2.000000000000000000e+01 0.000000000000000000e+00 7.952511489996686578e+01
2.427586206896551746e-01 2.200000000000000000e+01 0.000000000000000000e+00 7.943528220010921359e+01
2.427586206896551746e-01 2.400000000000000000e+01 0.000000000000000000e+00 8.205651450017467141e+01
2.427586206896551746e-01 2.600000000000000000e+01 0.000000000000000000e+00 7.817643309989944100e+01
2.427586206896551746e-01 2.800000000000000000e+01 0.000000000000000000e+00 8.214936119993217289e+01
2.427586206896551746e-01 3.000000000000000000e+01 0.000000000000000000e+00 8.404813140002079308e+01
2.427586206896551746e-01 3.200000000000000000e+01 0.000000000000000000e+00 8.417961889994330704e+01
2.427586206896551746e-01 3.400000000000000000e+01 0.000000000000000000e+00 8.226285449997521937e+01
2.558620689655172753e-01 2.000000000000000000e+00 9.899665551839464950e-01 1.174235718001145869e+02
2.558620689655172753e-01 4.000000000000000000e+00 5.886287625418059610e-01 7.344809049996547401e+01
2.558620689655172753e-01 6.000000000000000000e+00 4.013377926421404784e-01 7.132578000007197261e+01
2.558620689655172753e-01 8.000000000000000000e+00 0.000000000000000000e+00 7.207829790003597736e+01
2.558620689655172753e-01 1.000000000000000000e+01 0.000000000000000000e+00 7.651794059993699193e+01
2.558620689655172753e-01 1.200000000000000000e+01 0.000000000000000000e+00 7.479259199998341501e+01
2.558620689655172753e-01 1.400000000000000000e+01 0.000000000000000000e+00 7.145154569996520877e+01
2.558620689655172753e-01 1.600000000000000000e+01 0.000000000000000000e+00 7.546186219993978739e+01
2.558620689655172753e-01 1.800000000000000000e+01 0.000000000000000000e+00 7.627552390005439520e+01
2.558620689655172753e-01 2.000000000000000000e+01 0.000000000000000000e+00 7.606899950001388788e+01
2.558620689655172753e-01 2.200000000000000000e+01 0.000000000000000000e+00 7.527787450002506375e+01
2.558620689655172753e-01 2.400000000000000000e+01 0.000000000000000000e+00 7.635374210006557405e+01
2.558620689655172753e-01 2.600000000000000000e+01 0.000000000000000000e+00 8.101440440001897514e+01
2.558620689655172753e-01 2.800000000000000000e+01 0.000000000000000000e+00 7.895424480014480650e+01
2.558620689655172753e-01 3.000000000000000000e+01 0.000000000000000000e+00 7.667228930001147091e+01
2.558620689655172753e-01 3.200000000000000000e+01 0.000000000000000000e+00 7.863691360014490783e+01
2.558620689655172753e-01 3.400000000000000000e+01 0.000000000000000000e+00 8.236967639997601509e+01
2.689655172413793482e-01 2.000000000000000000e+00 9.364548494983276905e-01 1.061933086998760700e+02
2.689655172413793482e-01 4.000000000000000000e+00 6.421404682274247655e-01 7.210844900016672909e+01
2.689655172413793482e-01 6.000000000000000000e+00 0.000000000000000000e+00 6.877183229988440871e+01
2.689655172413793482e-01 8.000000000000000000e+00 0.000000000000000000e+00 7.022820069990120828e+01
2.689655172413793482e-01 1.000000000000000000e+01 0.000000000000000000e+00 7.184572819992899895e+01
2.689655172413793482e-01 1.200000000000000000e+01 0.000000000000000000e+00 6.779736299999058247e+01
2.689655172413793482e-01 1.400000000000000000e+01 0.000000000000000000e+00 6.896517030009999871e+01
2.689655172413793482e-01 1.600000000000000000e+01 0.000000000000000000e+00 7.430703649995848536e+01
2.689655172413793482e-01 1.800000000000000000e+01 0.000000000000000000e+00 7.075341350003145635e+01
2.689655172413793482e-01 2.000000000000000000e+01 0.000000000000000000e+00 7.083551099989563227e+01
2.689655172413793482e-01 2.200000000000000000e+01 0.000000000000000000e+00 7.463379370002076030e+01
2.689655172413793482e-01 2.400000000000000000e+01 0.000000000000000000e+00 7.450130360014736652e+01
2.689655172413793482e-01 2.600000000000000000e+01 0.000000000000000000e+00 7.499605690012685955e+01
2.689655172413793482e-01 2.800000000000000000e+01 0.000000000000000000e+00 7.334695819998160005e+01
2.689655172413793482e-01 3.000000000000000000e+01 0.000000000000000000e+00 7.882115830015391111e+01
2.689655172413793482e-01 3.200000000000000000e+01 0.000000000000000000e+00 7.616927640000358224e+01
2.689655172413793482e-01 3.400000000000000000e+01 0.000000000000000000e+00 7.665509289992041886e+01
2.820689655172414212e-01 2.000000000000000000e+00 9.632107023411371483e-01 1.031159695999231189e+02
2.820689655172414212e-01 4.000000000000000000e+00 5.886287625418059610e-01 7.317143990006297827e+01
2.820689655172414212e-01 6.000000000000000000e+00 0.000000000000000000e+00 6.504123390000313520e+01
2.820689655172414212e-01 8.000000000000000000e+00 0.000000000000000000e+00 6.542168819997459650e+01
2.820689655172414212e-01 1.000000000000000000e+01 0.000000000000000000e+00 6.545659640012308955e+01
2.820689655172414212e-01 1.200000000000000000e+01 0.000000000000000000e+00 6.679548220010474324e+01
2.820689655172414212e-01 1.400000000000000000e+01 0.000000000000000000e+00 7.113989840005524457e+01
2.820689655172414212e-01 1.600000000000000000e+01 0.000000000000000000e+00 6.761020409991033375e+01
2.820689655172414212e-01 1.800000000000000000e+01 0.000000000000000000e+00 6.885129589983262122e+01
2.820689655172414212e-01 2.000000000000000000e+01 0.000000000000000000e+00 7.013674420001916587e+01
2.820689655172414212e-01 2.200000000000000000e+01 0.000000000000000000e+00 7.373366379993967712e+01
2.820689655172414212e-01 2.400000000000000000e+01 0.000000000000000000e+00 7.397248510015197098e+01
2.820689655172414212e-01 2.600000000000000000e+01 0.000000000000000000e+00 7.058186589996330440e+01
2.820689655172414212e-01 2.800000000000000000e+01 0.000000000000000000e+00 7.239787690015509725e+01
2.820689655172414212e-01 3.000000000000000000e+01 0.000000000000000000e+00 7.203708230005577207e+01
2.820689655172414212e-01 3.200000000000000000e+01 0.000000000000000000e+00 7.656285719992592931e+01
2.820689655172414212e-01 3.400000000000000000e+01 0.000000000000000000e+00 7.228231350006535649e+01
2.951724137931034941e-01 2.000000000000000000e+00 8.829431438127089971e-01 9.792100779991596937e+01
2.951724137931034941e-01 4.000000000000000000e+00 5.618729096989966143e-01 6.748927729995921254e+01
2.951724137931034941e-01 6.000000000000000000e+00 0.000000000000000000e+00 6.459669449995271862e+01
2.951724137931034941e-01 8.000000000000000000e+00 0.000000000000000000e+00 6.022474600002169609e+01
2.951724137931034941e-01 1.000000000000000000e+01 0.000000000000000000e+00 6.268945079995319247e+01
2.951724137931034941e-01 1.200000000000000000e+01 0.000000000000000000e+00 6.508600890007801354e+01
2.951724137931034941e-01 1.400000000000000000e+01 0.000000000000000000e+00 6.498117189994081855e+01
2.951724137931034941e-01 1.600000000000000000e+01 0.000000000000000000e+00 6.666780170006677508e+01
2.951724137931034941e-01 1.800000000000000000e+01 0.000000000000000000e+00 6.526291469996795058e+01
2.951724137931034941e-01 2.000000000000000000e+01 0.000000000000000000e+00 6.672905900003388524e+01
2.951724137931034941e-01 2.200000000000000000e+01 0.000000000000000000e+00 7.017506370018236339e+01
2.951724137931034941e-01 2.400000000000000000e+01 0.000000000000000000e+00 7.059117479994893074e+01
2.951724137931034941e-01 2.600000000000000000e+01 0.000000000000000000e+00 7.004898269986733794e+01
2.951724137931034941e-01 2.800000000000000000e+01 0.000000000000000000e+00 7.010153129999525845e+01
2.951724137931034941e-01 3.000000000000000000e+01 0.000000000000000000e+00 6.976129990001209080e+01
2.951724137931034941e-01 3.200000000000000000e+01 0.000000000000000000e+00 7.059354809997603297e+01
2.951724137931034941e-01 3.400000000000000000e+01 0.000000000000000000e+00 7.195080879982560873e+01
3.082758620689655671e-01 2.000000000000000000e+00 8.829431438127089971e-01 1.116904148000758141e+02
3.082758620689655671e-01 4.000000000000000000e+00 5.083612040133779209e-01 6.146692729997448623e+01
3.082758620689655671e-01 6.000000000000000000e+00 0.000000000000000000e+00 6.505475859995931387e+01
3.082758620689655671e-01 8.000000000000000000e+00 0.000000000000000000e+00 6.060391320008784533e+01
3.082758620689655671e-01 1.000000000000000000e+01 0.000000000000000000e+00 6.023124029999598861e+01
3.082758620689655671e-01 1.200000000000000000e+01 0.000000000000000000e+00 6.254421290010213852e+01
3.082758620689655671e-01 1.400000000000000000e+01 0.000000000000000000e+00 6.106332279997877777e+01
3.082758620689655671e-01 1.600000000000000000e+01 0.000000000000000000e+00 6.552759930002503097e+01
3.082758620689655671e-01 1.800000000000000000e+01 0.000000000000000000e+00 6.432816669996827841e+01
3.082758620689655671e-01 2.000000000000000000e+01 0.000000000000000000e+00 6.459239910007454455e+01
3.082758620689655671e-01 2.200000000000000000e+01 0.000000000000000000e+00 6.757218489982187748e+01
3.082758620689655671e-01 2.400000000000000000e+01 0.000000000000000000e+00 6.765714849997311831e+01
3.082758620689655671e-01 2.600000000000000000e+01 0.000000000000000000e+00 6.661781589989550412e+01
3.082758620689655671e-01 2.800000000000000000e+01 0.000000000000000000e+00 6.683294080011546612e+01
3.082758620689655671e-01 3.000000000000000000e+01 0.000000000000000000e+00 6.686019939999096096e+01
3.082758620689655671e-01 3.200000000000000000e+01 0.000000000000000000e+00 6.790396030014380813e+01
3.082758620689655671e-01 3.400000000000000000e+01 0.000000000000000000e+00 7.215827200002968311e+01
3.213793103448276400e-01 2.000000000000000000e+00 8.829431438127089971e-01 1.023814486002083868e+02
3.213793103448276400e-01 4.000000000000000000e+00 5.083612040133779209e-01 5.928718079999089241e+01
3.213793103448276400e-01 6.000000000000000000e+00 0.000000000000000000e+00 6.080381259997375309e+01
3.213793103448276400e-01 8.000000000000000000e+00 0.000000000000000000e+00 5.838044179999269545e+01
3.213793103448276400e-01 1.000000000000000000e+01 0.000000000000000000e+00 6.030630329996347427e+01
3.213793103448276400e-01 1.200000000000000000e+01 0.000000000000000000e+00 5.875647690007463098e+01
3.213793103448276400e-01 1.400000000000000000e+01 0.000000000000000000e+00 6.026687190006487072e+01
3.213793103448276400e-01 1.600000000000000000e+01 0.000000000000000000e+00 6.056074420013464987e+01
3.213793103448276400e-01 1.800000000000000000e+01 0.000000000000000000e+00 6.551445039990358055e+01
3.213793103448276400e-01 2.000000000000000000e+01 0.000000000000000000e+00 6.158688309998251498e+01
3.213793103448276400e-01 2.200000000000000000e+01 0.000000000000000000e+00 6.142557039996609092e+01
3.213793103448276400e-01 2.400000000000000000e+01 0.000000000000000000e+00 6.587878929986618459e+01
3.213793103448276400e-01 2.600000000000000000e+01 0.000000000000000000e+00 6.523346290015615523e+01
3.213793103448276400e-01 2.800000000000000000e+01 0.000000000000000000e+00 6.706243679998442531e+01
3.213793103448276400e-01 3.000000000000000000e+01 0.000000000000000000e+00 6.585163650009781122e+01
3.213793103448276400e-01 3.200000000000000000e+01 0.000000000000000000e+00 6.635797520005144179e+01
3.213793103448276400e-01 3.400000000000000000e+01 0.000000000000000000e+00 6.755806390009820461e+01
3.344827586206896575e-01 2.000000000000000000e+00 8.026755852842809569e-01 8.242655540001578629e+01
3.344827586206896575e-01 4.000000000000000000e+00 5.351170568561872676e-01 5.899097470007836819e+01
3.344827586206896575e-01 6.000000000000000000e+00 0.000000000000000000e+00 5.567615470010787249e+01
3.344827586206896575e-01 8.000000000000000000e+00 0.000000000000000000e+00 5.612268010014668107e+01
3.344827586206896575e-01 1.000000000000000000e+01 0.000000000000000000e+00 5.564289650018326938e+01
3.344827586206896575e-01 1.200000000000000000e+01 0.000000000000000000e+00 5.898016839986667037e+01
3.344827586206896575e-01 1.400000000000000000e+01 0.000000000000000000e+00 5.871835889993235469e+01
3.344827586206896575e-01 1.600000000000000000e+01 0.000000000000000000e+00 5.772162730013951659e+01
3.344827586206896575e-01 1.800000000000000000e+01 0.000000000000000000e+00 6.031931550009176135e+01
3.344827586206896575e-01 2.000000000000000000e+01 0.000000000000000000e+00 6.294071400002576411e+01
3.344827586206896575e-01 2.200000000000000000e+01 0.000000000000000000e+00 6.335458469996228814e+01
3.344827586206896575e-01 2.400000000000000000e+01 0.000000000000000000e+00 6.107706010015681386e+01
3.344827586206896575e-01 2.600000000000000000e+01 0.000000000000000000e+00 6.253691549994982779e+01
3.344827586206896575e-01 2.800000000000000000e+01 0.000000000000000000e+00 6.206547299982048571e+01
3.344827586206896575e-01 3.000000000000000000e+01 0.000000000000000000e+00 6.568853519996628165e+01
3.344827586206896575e-01 3.200000000000000000e+01 0.000000000000000000e+00 6.573723819991573691e+01
3.344827586206896575e-01 3.400000000000000000e+01 0.000000000000000000e+00 6.481651730020530522e+01
3.475862068965517304e-01 2.000000000000000000e+00 8.294314381270903036e-01 1.042582427000161260e+02
3.475862068965517304e-01 4.000000000000000000e+00 5.351170568561872676e-01 5.734913450013846159e+01
3.475862068965517304e-01 6.000000000000000000e+00 0.000000000000000000e+00 5.605282750003971159e+01
3.475862068965517304e-01 8.000000000000000000e+00 0.000000000000000000e+00 5.437638240004889667e+01
3.475862068965517304e-01 1.000000000000000000e+01 0.000000000000000000e+00 5.347428439999930561e+01
3.475862068965517304e-01 1.200000000000000000e+01 0.000000000000000000e+00 5.548019489995203912e+01
3.475862068965517304e-01 1.400000000000000000e+01 0.000000000000000000e+00 5.879654940008185804e+01
3.475862068965517304e-01 1.600000000000000000e+01 0.000000000000000000e+00 5.951726340013556182e+01
3.475862068965517304e-01 1.800000000000000000e+01 0.000000000000000000e+00 5.787116179987788200e+01
3.475862068965517304e-01 2.000000000000000000e+01 0.000000000000000000e+00 5.655740229994989932e+01
3.475862068965517304e-01 2.200000000000000000e+01 0.000000000000000000e+00 6.066207000007852912e+01
3.475862068965517304e-01 2.400000000000000000e+01 0.000000000000000000e+00 5.942433200008235872e+01
3.475862068965517304e-01 2.600000000000000000e+01 0.000000000000000000e+00 6.240769629995338619e+01
3.475862068965517304e-01 2.800000000000000000e+01 0.000000000000000000e+00 6.077684960002079606e+01
3.475862068965517304e-01 3.000000000000000000e+01 0.000000000000000000e+00 6.047856429987587035e+01
3.475862068965517304e-01 3.200000000000000000e+01 0.000000000000000000e+00 6.141022980003617704e+01
3.475862068965517304e-01 3.400000000000000000e+01 0.000000000000000000e+00 6.542831709980964661e+01
3.606896551724138034e-01 2.000000000000000000e+00 7.491638795986621524e-01 8.569791310001164675e+01
3.606896551724138034e-01 4.000000000000000000e+00 4.548494983277591719e-01 5.337865120009519160e+01
3.606896551724138034e-01 6.000000000000000000e+00 0.000000000000000000e+00 5.331950039998628199e+01
3.606896551724138034e-01 8.000000000000000000e+00 0.000000000000000000e+00 5.308483810001052916e+01
3.606896551724138034e-01 1.000000000000000000e+01 0.000000000000000000e+00 5.454702960001304746e+01
3.606896551724138034e-01 1.200000000000000000e+01 0.000000000000000000e+00 5.444652250013314188e+01
3.606896551724138034e-01 1.400000000000000000e+01 0.000000000000000000e+00 5.402138549997471273e+01
3.606896551724138034e-01 1.600000000000000000e+01 0.000000000000000000e+00 5.626281240000389516e+01
3.606896551724138034e-01 1.800000000000000000e+01 0.000000000000000000e+00 5.596331660007126629e+01
3.606896551724138034e-01 2.000000000000000000e+01 0.000000000000000000e+00 5.492226919997483492e+01
3.606896551724138034e-01 2.200000000000000000e+01 0.000000000000000000e+00 5.955245120008476079e+01
3.606896551724138034e-01 2.400000000000000000e+01 0.000000000000000000e+00 6.046985150012187660e+01
3.606896551724138034e-01 2.600000000000000000e+01 0.000000000000000000e+00 5.789997099991887808e+01
3.606896551724138034e-01 2.800000000000000000e+01 0.000000000000000000e+00 5.902987819979898632e+01
3.606896551724138034e-01 3.000000000000000000e+01 0.000000000000000000e+00 5.880202030017971992e+01
3.606896551724138034e-01 3.200000000000000000e+01 0.000000000000000000e+00 5.964261449989862740e+01
3.606896551724138034e-01 3.400000000000000000e+01 0.000000000000000000e+00 6.336813169997185469e+01
3.737931034482758763e-01 2.000000000000000000e+00 7.759197324414716102e-01 9.542002610000781715e+01
3.737931034482758763e-01 4.000000000000000000e+00 4.280936454849498252e-01 5.086192270019091666e+01
3.737931034482758763e-01 6.000000000000000000e+00 0.000000000000000000e+00 5.326049859984777868e+01
3.737931034482758763e-01 8.000000000000000000e+00 0.000000000000000000e+00 5.276799329998902977e+01
3.737931034482758763e-01 1.000000000000000000e+01 0.000000000000000000e+00 5.132106529991142452e+01
3.737931034482758763e-01 1.200000000000000000e+01 0.000000000000000000e+00 5.210212409985251725e+01
3.737931034482758763e-01 1.400000000000000000e+01 0.000000000000000000e+00 5.303087449981831014e+01
3.737931034482758763e-01 1.600000000000000000e+01 0.000000000000000000e+00 5.334523310000076890e+01
3.737931034482758763e-01 1.800000000000000000e+01 0.000000000000000000e+00 5.703583030006848276e+01
3.737931034482758763e-01 2.000000000000000000e+01 0.000000000000000000e+00 5.607534629991278052e+01
3.737931034482758763e-01 2.200000000000000000e+01 0.000000000000000000e+00 5.391059709992259741e+01
3.737931034482758763e-01 2.400000000000000000e+01 0.000000000000000000e+00 5.624784909980371594e+01
3.737931034482758763e-01 2.600000000000000000e+01 0.000000000000000000e+00 5.802087460015900433e+01
3.737931034482758763e-01 2.800000000000000000e+01 0.000000000000000000e+00 5.870409470004960895e+01
3.737931034482758763e-01 3.000000000000000000e+01 0.000000000000000000e+00 5.885063579981215298e+01
3.737931034482758763e-01 3.200000000000000000e+01 0.000000000000000000e+00 5.836367680015973747e+01
3.737931034482758763e-01 3.400000000000000000e+01 0.000000000000000000e+00 5.739184920000843704e+01
3.868965517241379493e-01 2.000000000000000000e+00 8.026755852842809569e-01 8.964970680000260472e+01
3.868965517241379493e-01 4.000000000000000000e+00 4.816053511705685741e-01 5.838834890001453459e+01
3.868965517241379493e-01 6.000000000000000000e+00 0.000000000000000000e+00 5.039234349993057549e+01
3.868965517241379493e-01 8.000000000000000000e+00 0.000000000000000000e+00 4.940966939995996654e+01
3.868965517241379493e-01 1.000000000000000000e+01 0.000000000000000000e+00 4.811723590013571084e+01
3.868965517241379493e-01 1.200000000000000000e+01 0.000000000000000000e+00 4.971643489995039999e+01
3.868965517241379493e-01 1.400000000000000000e+01 0.000000000000000000e+00 5.223891449999064207e+01
3.868965517241379493e-01 1.600000000000000000e+01 0.000000000000000000e+00 5.226267200009897351e+01
3.868965517241379493e-01 1.800000000000000000e+01 0.000000000000000000e+00 5.477206590003333986e+01
3.868965517241379493e-01 2.000000000000000000e+01 0.000000000000000000e+00 5.342271029995754361e+01
3.868965517241379493e-01 2.200000000000000000e+01 0.000000000000000000e+00 5.295620839996263385e+01
3.868965517241379493e-01 2.400000000000000000e+01 0.000000000000000000e+00 5.352504820004105568e+01
3.868965517241379493e-01 2.600000000000000000e+01 0.000000000000000000e+00 5.710503460001200438e+01
3.868965517241379493e-01 2.800000000000000000e+01 0.000000000000000000e+00 5.997313779988326132e+01
3.868965517241379493e-01 3.000000000000000000e+01 0.000000000000000000e+00 5.561081869993358850e+01
3.868965517241379493e-01 3.200000000000000000e+01 0.000000000000000000e+00 5.520410890015773475e+01
3.868965517241379493e-01 3.400000000000000000e+01 0.000000000000000000e+00 5.749449399998411536e+01
4.000000000000000222e-01 2.000000000000000000e+00 7.224080267558528057e-01 7.911036930000409484e+01
4.000000000000000222e-01 4.000000000000000000e+00 3.745819397993310762e-01 4.796157860010862350e+01
4.000000000000000222e-01 6.000000000000000000e+00 0.000000000000000000e+00 5.023161149979569018e+01
4.000000000000000222e-01 8.000000000000000000e+00 0.000000000000000000e+00 4.766179499984718859e+01
4.000000000000000222e-01 1.000000000000000000e+01 0.000000000000000000e+00 4.760410590004175901e+01
4.000000000000000222e-01 1.200000000000000000e+01 0.000000000000000000e+00 5.071492929989472032e+01
4.000000000000000222e-01 1.400000000000000000e+01 0.000000000000000000e+00 5.188625369989313185e+01
4.000000000000000222e-01 1.600000000000000000e+01 0.000000000000000000e+00 5.227751580020412803e+01
4.000000000000000222e-01 1.800000000000000000e+01 0.000000000000000000e+00 5.006845999998040497e+01
4.000000000000000222e-01 2.000000000000000000e+01 0.000000000000000000e+00 5.107841990003362298e+01
4.000000000000000222e-01 2.200000000000000000e+01 0.000000000000000000e+00 5.247274220013059676e+01
4.000000000000000222e-01 2.400000000000000000e+01 0.000000000000000000e+00 5.439345490001142025e+01
4.000000000000000222e-01 2.600000000000000000e+01 0.000000000000000000e+00 5.640322740003466606e+01
4.000000000000000222e-01 2.800000000000000000e+01 0.000000000000000000e+00 5.636985750007443130e+01
4.000000000000000222e-01 3.000000000000000000e+01 0.000000000000000000e+00 5.465629799989983439e+01
4.000000000000000222e-01 3.200000000000000000e+01 0.000000000000000000e+00 5.596505240001715720e+01
4.000000000000000222e-01 3.400000000000000000e+01 0.000000000000000000e+00 5.672568320017307997e+01
